1005291191794937998
1112448303792136322
823336192187170827
1098506309176934430
793951328069877760
934267173466161152
1147319746535116800
1057501589398630402
945655172833636353
701231931345469500
1140571617475432498
967842451702292571
1079546677817516044
1142893605443338261
755720133925797969
697159650017017867
381880018243944458
704137539665264651
1143533063096254624
1140486675420684399
1090964881227915264
1165305177117560872
1106870052684312627
1081021730916683816
1145098428154658876
1011682262301024256
931879535534821416
704096468553957376
1087847862676750458
1136981905850519713
1147867676778172496
889416591131963402
1143577319815008277
1132142958255288421
1145384572163477687
1135833023447826482
665408699107508236
804940591616098315
1139604827316424775
712343412069629974
864679510892216320
577188051147817000
1142759508456779827
1122683502912094219
985825203072425984
985912125933355038
985918708071407708
985919891322331158
1130064768028381254
1020414905356136488
961272628654534676
869917388487917629
1148007254130429952
922609234582048808
1051481491957350441
364927874177957888
869435514363723787
888020326917763152
820611203172007967
1144877849896038463
1143590739570327662
368425264771760128
675050350457258005
1145620537763172424
1143969850197299251
1003336304521654303
916858095240622140
917637281748246559
1120791604249243731
1127954488037228564
930133958090457148
781801278481235980
999179646497206292
822155715543040011
1141560892396408882
1074852937945325571
1127174925283770389
966261659352055898
1145080327396671619
1150757210893320253
1144917932036595722
1111325544743698522
1083464077382275164
1097174494449258507
681341625397411906
1129040952934285312
1080734994961534976
1099128928553144391
830655903887917107
1054007135735914597
1114005405761294377
947937298157301760
1148325903856836669
1093544767389962310
995370032018247690
1145217847266639953
1135530781024981022
1143255102703018034
1138670741521436783
1014665576087556166
969692146766581790
445652209628348417
267436104775368706
1142118738624250120
703728765792026715
908428856669642752
963516530316935178
619429306447298571
697840685738360951
529428582447972362
1018541301257469963
477543660137742396
1129797776994222141
985912987313401927
743673098833756170
822083527603650590
1024046221683343400
1145002966957437028
831647504013197363
1033016384222933002
1078426291096780852
940290563624808548
1159695980199940116
865382882260287509
1074498113827520542
1051614585079201934
1142024605666652210
1048135949898489947
973025717392662568
766241798845890601
932648173841813605
687707446403268803
1025436526903038122
1120050876623622175
1155590863074885764
1124313545857826917
853042691163291658
1035844294872944651
945141063411187732
756008177853530153
970471040193036288
1134639184037027981
387110218678403084
1036017538338914376
962189135261626368
702102717954523147
918148844632559626
985755921005289512
985760338295291904
985761664051871784
985762453956735006
985767528192147476
988024104416321536
988026930295083089
555921442966077450
900434780397662318
1138580813580079155
1063916954492076073
1146078076061618186
540463880770420751
1012493906430148678
1024163161730994221
341768528883613698
1150136169456214097
927414660272099358
1105117404637450282
1131313259128041523
1147932111920189550
929442712887914537
875360340400017508
1016803269995155597
945800974465916968
1136084363528917093
1141065265086476419
1139179030302699680
824637398537207919
1123139080348241951
847594607557869628
561966562110865422
692858775119331330
1041821986462105621
987379988649099314
969490358608220190
222475576563335170
1079553114031542342
1066451001697112215
1164112534777905195
1144565698421596311
714757770586488924
760029544819327046
1126046331790696518
1042845800998387814
929355544941170769
349745988908351489
1146600388577984652
950684663410737152
834507230539677716
1109648487349485581
710416737048330243
1136462153835102258
654110087832535053
1131428553146241054
745246562917023765
1103734818715488348
1030950909552885930
953398898372771892
1060655648880201758
1066563453101285396
985661453166055464
1143057789183332453
1131992052469612655
1144262441434370068
1144524083577491519
1035152876940562492
857100186969833492
1140222284246831194
809199372323127367
1145070974941810849
809352306017566771
783312255487836210
733006517862662214
956002475205341244
500735171583148032
1146731183342895195
1145495991513002024
751482791757348964
1138224379285749771
1145434057669345421
718152106061594714
617824769621884938
801597969261527081
1044579171000668200
239554574464057344
867457814397714443
801084286261788692
1117298086771970088
1091606869245693982
1144796432310730783
1041268211938770974
1009893758977974302
1145045037697224789
1102316322693586964
920500759236317294
1081516994546901084
1160155146819481691
812810705036247050
932295654221418577
1146108177776132226
1127068877818450002
863707592346173460
1081311080044830840
720269081109856339
771364885081620501
1134931021331169370
907430745323221023
1052381360259596288
996269122604253204
658696030988009482
614249011909492758
1143826062246150224
1147491392860454982
1143300280763551867
948205209480486913
479715231791054858
690646689811398676
1149100610315100180
1134012603694317592
1143997165404962827
822483180242206821
1135012249208094830
793085401170444298
887692314628227092
784466794077224960
1142138474246443051
1145056093677027368
1138598996638716064
1141273362639900692
1136716292464840884
869513880190201907
1147870581757313084
1112060605508100167
508966434047787018
810517249302462485
776166767537029160
802488546177974273
537525584604037121
1141453767682834432
1107373772136255619
1143987851197943968
825576833381826651
824576872159117344
1101910062835970058
1093497526499426435
904257638223724554
991296684028076112
1119756325438623766
311671001744277509
1125709519608102932
1118618155200303265
528713458456199168
1115324310807117884
855398330309148702
1057020627225153619
935341229598728252
546394832772530197
897501540984713257
667561013981347870
1110933689082331277
1108282408631013396
881569342905544785
852646003969490954
1064212447940059266
1147229173891465217
1147844414086058014
622795271230849044
1101468173993254972
943643637647028294
1148468583261802586
1138537533047849140
1103149089576726548
1144897134479556638
803388834506080277
984763397730078820
1141524712200093808
1108193546558771260
1146012478405345351
1126954048805928971
686335877257232487
683531215491432458
1123746518885728288
1145321456184594462
903522530202091530
1145428660808069132
846014994129616909
710237859025780788
1006791312550400060
1140662386664149012
1144689207974052012
857713599077285968
698077558708764683
1144482849748164658
1145436577070338078
786131008218726400
1139128353970982914
766923295596740630
790723563338334208
1148704415902077030
414887690236985355
898029408596672533
1011376182664626266
958973342357024808
814564741170331678
1088549791031635968
721277336762449921
775335941170135040
1014915828908576780
986943248826257449
1095279613384597544
727419829492908063
578968502732324895
856793471436062720
814524989046390824
1150972912845717600
848917797501141052
684980557125386296
782501283712991232
1112927833342345226
906745361014599740
1145273821079818250
889217040827703306
1095772208611205240
1147829738111512608
1130469033494462495
936402217353748530
826072354974859264
1132357955627524156
1140541554688274533
